900
949
974
985
2097
2179
2266
3676
3830
3854
3865
3877
3897
3915
5304
5447
5707
6101
6341
6514
6576
6668
6710
6731
6732
6736
6737
6786
6827
6830
6836
6837
6857
6859
6879
6885
6889
6930
6965
6966
7322
7363
7420
7442
7463
7480
7483
7493
7497
7506
7514
7515
7529
7531
7542
7544
7545
7547
7548
7555
7560
7562
7563
7565
7571
7575
7576
7579
7581
7583
7591
7592
7593
7594
7595
7598
7601
7607
7608
7609
7611
7613
7614
7615
7616
7620
7624
7628
7636
7639
7640
7642
7643
7648
7653
7657
7658
7663
7664
7665
7670
7687
7876
9034
9603
9607
9684
9930
10108
10140
10151
10154
10167
10173
11283
11299
11824
11869
11949
12083
12100
12104
12126
12153
12159
12175
12227
12242
12400
12489
12514
12607
12639
12648
12665
12684
12690
12711
12712
12713
12719
12723
12726
12732
12749
12752
12757
12758
12759
12761
12782
12783
12784
12786
12787
12803
12811
12813
12822
12827
12831
12838
12881
12905
13019
13151
13156
13169
13233
13235
13500
13503
13866
13915
13995
14039
14043
14047
14052
14056
14067
14069
14072
14073
14077
14078
14079
14082
14086
14088
14094
14098
14146
14192
14237
14258
14261
14280
14281
14282
14292
14311
14313
14318
14319
14327
14329
14342
14347
14357
14358
14359
14374
14645
14705
14885
15228
15446
15843
15858
15913
15914
15915
15918
15919
15943
15952
15954
15982
16003
16018
16024
16045
16109
16110
16123
16131
16150
16210
16239
16241
16250
16251
16260
16262
16308
16312
16322
16329
16361
16369
16431
16438
16671
16746
16758
