5867
5988
6015
6032
6076
9924
9926
9935
9948
9963
9977
9983
10005
10017
10030
10041
10051
10052
10065
10075
10084
10085
10087
10091
10094
10100
10104
10119
10143
10147
10549
11020
11021
11057
11067
11069
11079
11082
11087
11090
11099
11101
11103
11104
11109
11112
11115
11117
11118
11136
11140
11172
11175
11176
11177
11180
11195
11204
11214
11250
12539
12543
12583
12670
12698
12769
13022
13043
13095
14117
14143
14162
14173
14196
14209
14362
14378
14761
14799
14830
14848
14899
15002
15483
15689
15733
15792
15796
15834
15835
15888
16428
16470
16472
16476
16486
16496
16499
16514
16522
16543
16560
16570
16573
16581
16609
16630
16635
16691
