332
341
593
608
621
626
636
645
648
654
667
670
672
682
685
688
691
694
695
696
725
729
748
774
788
792
800
818
824
826
830
843
853
864
866
867
868
879
888
891
893
895
896
901
902
908
909
913
926
928
931
937
951
961
965
969
979
989
993
995
998
1005
1007
1009
1013
1015
1016
1043
1044
1045
1082
1096
1105
1133
1134
1136
1195
1197
1216
1217
1244
1271
1291
1318
1322
1324
1374
1528
1548
1552
1759
1786
1790
1792
1793
1909
1919
1922
1939
1942
1950
1960
1963
1977
1979
1985
1988
2000
2028
2035
2036
2051
2054
2070
2095
2107
2108
2111
2113
2120
2121
2130
2169
2184
2194
2207
2275
2298
2319
2334
2342
2348
2371
2388
2396
2705
2770
2781
3066
3069
3074
3077
3079
3082
3094
3105
3117
3120
3127
3159
3164
3250
3421
3432
3459
3467
3498
3550
3569
3724
3735
3760
3784
3794
3796
3797
3808
3809
3812
3825
3826
3832
3835
3836
3837
3842
3843
3848
3849
3851
3853
3856
3860
3866
3872
3873
3875
3880
3882
3884
3886
3890
3892
3898
3905
3906
3918
4000
4018
4031
4052
4053
4058
4059
4067
4097
4098
4100
4102
4110
4111
4112
4113
4120
4123
4139
4142
4144
4150
4156
4184
4192
4193
4195
4197
4198
4215
4234
4256
4263
4278
4280
4282
4306
4330
4332
4340
4348
4350
4358
4366
4383
4398
4408
4409
4410
4445
4446
4467
4471
4484
4485
4499
4505
4516
4526
4529
4530
4540
4544
4551
4564
4618
4635
4665
4962
5024
5062
5069
5247
5322
5333
5373
5379
5392
5407
5422
5432
5444
5454
5457
5459
5468
5486
5531
5532
5546
5563
5668
5674
5675
5676
5677
5680
5681
5683
5684
5724
5737
5756
5763
5767
5770
5774
5775
5785
5792
5793
5794
5796
5797
5800
5809
5814
5815
5825
5832
5860
5868
5869
5871
5873
5879
5880
5885
5894
5895
5898
5938
5959
5961
5965
6007
6012
6019
6020
6024
6028
6038
6039
6044
6045
6055
6058
6060
6064
6068
6069
6079
6082
6235
6346
6376
6448
6487
6743
6757
6832
6878
6895
6903
6908
6931
7280
7284
7297
7314
7533
7541
7572
7963
7974
8020
8021
8268
8283
8284
8330
8341
8366
8376
8391
8396
8591
8653
8680
8681
8692
8723
8725
8726
8735
8738
8747
8755
8756
8758
8761
8766
8768
8769
8770
8781
8794
8795
8804
8811
8812
8919
9039
9054
9062
9066
9092
9102
9110
9111
9122
9123
9130
9137
9274
9335
9336
9354
9363
9368
9383
9389
9394
9398
9400
9494
9522
9526
9549
9571
9584
9614
9625
9630
9634
9642
9646
9655
9657
9663
9666
9672
9675
9682
9686
9696
9710
9725
9727
9729
9731
9761
9762
9960
9962
9990
10007
10088
10102
10109
10116
10126
10128
10135
10177
10179
10189
10452
10496
10632
10683
10687
10690
10696
10702
10704
10705
10706
10713
10715
10720
10721
10722
10725
10727
10731
10733
10736
10757
10762
10766
10774
10777
10783
10796
10798
10800
10802
10824
10826
10828
10829
10840
10841
10854
10855
10859
10861
10876
10883
10888
10889
10897
10912
10917
10919
10922
10924
10926
10936
11011
11071
11108
11120
11130
11134
11147
11155
11160
11209
11217
11231
11232
11239
11253
11265
11266
11269
11270
11282
11286
11291
11293
11300
11474
11514
11518
11523
11529
11535
11548
11555
11569
11577
11582
11583
11586
11593
11594
11596
11599
11611
11615
11617
11625
11628
11668
11669
11790
11822
11826
11829
11843
11860
11861
11872
11892
11893
11900
11901
11907
11913
11915
11923
11924
11936
11946
11960
11963
11974
11998
12018
12043
12044
12051
12062
12395
12467
12503
12504
12505
12508
12517
12523
12525
12528
12550
12551
12573
12575
12576
12580
12584
12586
12593
12601
12609
12610
12611
12613
12618
12623
12631
12633
12635
12637
12644
12646
12656
12692
12705
12707
12710
12727
12746
12760
12763
12764
12777
12778
12789
12791
12792
12802
12818
12819
12823
12832
12837
12840
12843
12864
12883
12884
12885
12910
12917
12919
12925
12928
12939
12940
12954
12967
12991
12999
13006
13020
13110
13148
13150
13163
13167
13175
13181
13185
13190
13203
13236
13246
13296
13307
13379
13424
13447
13475
13476
13502
13513
13518
13536
13540
13549
13684
13687
13715
13720
13742
13766
13772
13787
13797
13810
13853
13855
13868
13893
13898
13910
13921
14010
14041
14048
14049
14068
14128
14145
14147
14156
14157
14185
14193
14199
14205
14214
14221
14222
14227
14230
14317
14325
14341
14345
14348
14363
14640
14648
14657
14658
14662
14665
14724
14788
14792
14796
14839
14852
14855
14871
14887
14897
14903
14977
15008
15021
15043
15072
15237
15373
15385
15420
15551
15680
15685
15700
15710
15740
15746
15750
15752
15770
15790
15807
15810
15819
15828
15849
15870
15878
15921
15933
15948
15957
15990
15992
15994
16048
16062
16082
16146
16158
16189
16204
16230
16240
16244
16267
16272
16275
16277
16280
16305
16342
16354
16363
16421
16435
16449
16468
16473
16474
16507
16511
16515
16523
16524
16527
16534
16535
16537
16539
16542
16565
16571
16579
16583
16587
16590
16598
16599
16601
16602
16606
16608
16610
16612
16640
16648
16654
16659
16697
16705
16706
16707
16735
16747
16753
16757
