305
310
315
324
1544
1948
3025
3741
4173
4222
4283
4518
5044
6543
6785
6809
6960
7863
7884
8436
8441
8542
8650
9639
9719
9958
10543
10563
10569
10572
10644
10652
11323
11324
11325
11327
11336
11339
11366
11385
11389
11390
11392
11393
11395
11397
11399
11400
11401
11402
11403
11404
11408
11411
11417
11423
11427
11429
11433
11434
11441
11443
11444
11447
11452
11453
11459
11460
11462
11464
11468
11470
11473
11480
11482
11485
14561
