2460
2487
2504
2516
2553
2613
2615
2696
2799
2805
2832
3191
3249
3278
3418
3425
3465
3475
3504
4704
4795
4804
4811
4829
4863
4866
4871
4875
4980
5116
5132
5195
5208
5226
5248
5280
5308
5323
5410
5414
5416
6166
6356
6391
6394
6400
6421
6424
6426
6446
7859
7890
8555
8602
8664
8849
8852
8855
8860
8864
8867
8869
8870
8871
8872
8874
8876
8877
8878
8879
8880
8882
8884
8886
8887
8889
8892
8893
8897
8898
8902
8905
8908
8934
8963
8986
9007
9016
14470
14587
