84
195
231
234
239
240
554
716
727
731
735
743
752
762
767
770
782
797
798
805
828
870
934
946
972
981
1008
1014
1020
1025
1029
1037
1041
1056
1081
1090
1101
1103
1104
1112
1234
1237
1241
1242
1243
1245
1249
1250
1256
1263
1273
1274
1278
1287
1288
1290
1292
1307
1312
1316
1320
1323
1342
1344
1349
1361
1362
1369
1423
1460
1498
1560
1570
1582
1589
1612
1644
1648
1657
1660
1668
1669
1670
1680
1699
1705
1739
1755
1768
1772
1782
1904
1907
1944
1945
1956
1971
1975
1978
1982
2112
2154
2155
2161
2192
2193
2202
2210
2212
2214
2218
2219
2220
2224
2225
2236
2240
2241
2244
2265
2272
2281
2283
2293
2321
2361
2364
2368
2373
2386
2438
2467
2481
2483
2503
2535
2549
2559
2566
2578
2643
2654
2663
2680
2686
2698
2700
2720
2739
2760
2803
2853
2854
2951
2956
2969
2970
2977
2980
2998
3002
3009
3010
3045
3070
3073
3076
3080
3090
3114
3121
3144
3205
3314
3331
3346
3366
3562
3661
3751
3775
3780
3782
3783
3798
3799
3816
3888
3896
3939
4017
4076
4119
4134
4143
4176
4179
4194
4202
4231
4242
4258
4276
4305
4307
4313
4314
4319
4331
4334
4339
4355
4359
4364
4373
4385
4387
4396
4404
4427
4450
4463
4476
4490
4491
4511
4519
4523
4525
4543
4555
4595
4608
4613
4625
4630
4790
4880
4923
4926
4931
4955
4965
4973
4974
4993
4996
5010
5018
5025
5048
5085
5089
5097
5100
5164
5173
5174
5176
5191
5215
5272
5295
5296
5301
5320
5335
5355
5359
5369
5399
5408
5423
5434
5445
5455
5466
5471
5484
5500
5505
5506
5508
5511
5512
5514
5516
5517
5520
5521
5524
5545
5551
5559
5570
5572
5573
5575
5597
5602
5623
5629
5632
5645
5652
5663
5673
5682
5685
5693
5696
5704
5716
5717
5728
5731
5740
5744
5754
5757
5861
5862
5863
5884
5887
5890
5893
5897
5904
5917
5939
5943
5945
5951
5955
5958
5971
5972
5974
5978
5983
5991
5994
6018
6029
6035
6186
6188
6192
6250
6255
6266
6273
6278
6323
6334
6339
6367
6383
6392
6393
6395
6402
6403
6409
6410
6418
6423
6429
6449
6464
6477
6479
6512
6531
6542
6546
6582
6666
6681
6685
6765
6776
6777
6779
6810
6812
6829
6882
6892
6893
6896
6951
6955
6969
6978
7047
7136
7138
7142
7159
7166
7174
7193
7220
7229
7241
7305
7325
7326
7327
7329
7330
7332
7333
7334
7335
7336
7337
7339
7344
7355
7357
7360
7361
7364
7365
7371
7372
7376
7377
7380
7381
7382
7383
7384
7385
7386
7390
7391
7393
7398
7400
7402
7405
7406
7407
7408
7410
7412
7414
7415
7418
7422
7424
7429
7430
7431
7432
7433
7437
7443
7444
7448
7449
7452
7454
7455
7456
7459
7460
7469
7475
7477
7482
7486
7490
7496
7501
7507
7510
7516
7520
7528
7530
7532
7536
7543
7549
7553
7577
7590
7599
7600
7604
7606
7680
7736
7806
7811
7825
7838
7839
7842
7851
7854
7923
7952
7959
7960
7970
7973
7980
7982
8002
8010
8011
8337
8355
8420
8455
8490
8493
8505
8528
8613
8616
8619
8635
8654
8655
8660
8667
8678
8679
8689
8694
8696
8697
8699
8708
8709
8715
8717
8718
8722
8724
8731
8737
8754
8841
8843
8845
8850
8856
8859
8865
8875
8881
8894
8895
8909
8921
8923
8924
8929
8930
8931
8933
8939
8941
8943
8946
8947
8964
8973
8974
8975
8980
8983
8990
9000
9001
9006
9017
9021
9022
9026
9051
9052
9072
9079
9098
9107
9115
9116
9134
9216
9223
9224
9233
9236
9246
9248
9261
9264
9271
9287
9293
9298
9301
9306
9314
9320
9337
9348
9350
9362
9399
9406
9424
9475
9553
9555
9560
9565
9577
9585
9597
9619
9623
9660
9667
9671
9680
9687
9714
9925
9947
9981
10008
10011
10023
10039
10040
10049
10064
10069
10074
10132
10145
10164
10188
10313
10323
10333
10348
10366
10467
10485
10541
10546
10547
10638
10639
10640
10655
10676
10751
10752
10755
10763
10825
10833
10836
10837
10864
10892
10893
10896
10920
10921
10934
10952
10953
10956
10958
10959
11001
11016
11025
11028
11030
11040
11046
11051
11052
11053
11054
11055
11061
11073
11076
11081
11088
11094
11100
11107
11148
11158
11166
11170
11181
11219
11224
11228
11243
11277
11288
11290
11296
11578
11629
11665
11733
11738
11749
11765
11768
11774
11777
11780
11781
11811
11817
11818
11820
11823
11828
11832
11835
11836
11838
11839
11840
11842
11847
11850
11866
11873
11876
11878
11882
11902
11904
11909
11926
11928
11934
11937
11945
11967
11975
11982
11985
12000
12015
12020
12035
12046
12047
12272
12279
12312
12323
12327
12344
12350
12364
12376
12474
12475
12478
12479
12483
12485
12499
12518
12519
12522
12526
12527
12535
12537
12552
12558
12567
12571
12632
12645
12652
12654
12661
12672
12679
12715
12741
12754
13002
13004
13047
13059
13145
13166
13305
13309
13336
13377
13391
13399
13403
13405
13408
13446
13455
13468
13493
13495
13506
13533
13537
13587
13589
13641
13669
13681
13682
13688
13698
13708
13723
13736
13749
13763
13784
13792
13794
13796
13804
13831
13902
13965
14091
14092
14099
14118
14126
14130
14132
14136
14144
14151
14153
14184
14191
14216
14217
14226
14243
14263
14270
14276
14331
14334
14336
14360
14371
14376
14471
14543
14576
14577
14579
14592
14594
14642
14692
14696
14704
14712
14749
14791
14811
14819
14820
14862
14878
14881
14905
14914
14921
14939
14941
15017
15032
15074
15104
15108
15123
15130
15139
15141
15142
15144
15154
15159
15161
15163
15177
15178
15183
15185
15187
15194
15202
15209
15214
15215
15217
15224
15225
15238
15240
15241
15248
15257
15264
15266
15272
15307
15311
15317
15343
15367
15431
15433
15444
15462
15486
15501
15512
15516
15530
15532
15535
15536
15538
15553
15554
15562
15565
15568
15577
15589
15590
15591
15600
15603
15604
15618
15621
15623
15639
15643
15649
15670
15690
15743
15744
15745
15777
15837
15839
15866
15876
15889
15890
15892
15898
15930
15934
15936
15987
15989
15997
16000
16006
16016
16027
16059
16067
16068
16095
16132
16152
16156
16160
16176
16179
16185
16224
16252
16253
16284
16320
16364
16378
16380
16400
16409
16411
16417
16422
16426
16429
16432
16433
16434
16436
16437
16440
16448
16450
16455
16457
16459
16464
16465
16467
16469
16471
16475
16478
16480
16481
16488
16495
16498
16501
16502
16504
16510
16530
16531
16541
16547
16548
16550
16552
16559
16561
16563
16591
16596
16603
16604
16607
16620
16627
16632
16634
16637
16645
16647
16695
16700
16704
16709
16716
16740
16742
16743
