647
652
684
1246
10726
12920
12923
12929
12932
12933
12934
12938
12945
12946
12947
12948
12950
12951
12952
12953
12956
12958
12959
12962
12965
12968
12972
12973
12974
12977
12981
12983
12985
12987
12989
12990
12995
12997
13001
13003
13005
13008
13010
13013
13015
13017
13024
13025
13026
13028
13029
13030
13034
13036
13039
13044
13045
13046
13050
13052
13053
13055
13056
13060
13063
13065
13067
13068
13069
13070
13072
13075
13079
13081
13082
13083
13084
13087
13089
13093
13097
13098
13108
13109
13111
13114
13117
13118
13121
13125
13130
13132
13133
13134
13138
13139
13140
13141
13147
13158
13164
13178
13192
13200
13201
13202
13416
13460
13531
