0
1
3
4
6
12
14
21
33
43
54
59
76
170
185
207
208
363
364
366
367
368
369
370
373
374
376
378
379
380
382
383
384
385
386
387
389
390
391
392
393
394
395
396
397
398
399
400
401
402
403
405
406
407
408
409
410
411
412
413
415
416
417
418
420
421
423
425
426
427
429
430
431
433
434
435
436
439
442
443
447
448
449
451
452
453
454
457
458
459
461
462
463
464
466
468
470
471
473
475
477
481
483
485
486
488
490
493
494
495
496
498
501
505
507
509
510
512
516
519
521
531
538
542
548
573
700
702
703
704
705
706
712
730
732
736
787
790
858
859
897
982
1003
1084
1257
1306
1313
1403
1442
1443
1446
1449
1464
1465
1468
1492
1508
1756
1807
1856
1859
1868
1870
1943
1951
2140
2141
2142
2143
2146
2150
2151
2159
2164
2166
2167
2863
2885
2944
2972
3091
3152
3540
4368
4382
4423
4437
4479
4487
4587
5088
5093
7925
8041
8061
8063
8114
8121
8134
8142
8147
8163
8177
8195
8224
8241
8255
8256
8311
8496
10206
10212
10215
10219
10220
10224
10225
10230
10232
10237
10239
10251
10265
10266
10268
10270
10271
10285
10295
10317
10386
10397
10404
10422
10424
10426
10429
10490
10494
10497
10502
10503
10516
10527
10540
10553
10596
10598
10603
11179
11710
11712
11713
11714
11716
11718
11719
11830
11837
11868
11938
11939
15894
15931
15938
