8
11
17
45
46
57
60
62
63
65
68
71
72
74
82
83
91
96
97
102
105
107
114
115
117
126
128
129
140
143
145
146
169
171
175
178
180
181
187
191
202
209
211
214
220
222
226
237
238
250
258
266
304
321
335
360
361
365
371
375
377
404
414
432
437
440
444
460
465
467
469
476
478
480
482
484
487
489
491
492
503
504
514
522
523
525
526
528
530
532
535
556
557
564
567
574
581
623
760
775
795
806
813
819
860
886
906
911
912
919
923
929
958
975
992
997
1018
1040
1293
1444
1448
1450
1451
1456
1496
1500
1501
1503
1505
1510
1517
1522
1536
1547
1559
1562
1566
1567
1579
1581
1584
1587
1588
1592
1607
1630
1652
1664
1714
1748
1770
1931
1938
1941
1955
1973
1974
2011
2187
2221
2338
2399
2735
2843
2849
2850
2927
2945
2962
2976
2978
2996
3123
3869
4122
4133
4145
4148
4262
4452
4462
4520
4550
4574
4849
5279
5330
5332
5389
6703
6720
7018
7148
7731
7738
7740
7744
7762
7769
7772
7778
7783
7789
7790
7793
7795
7798
7800
7804
7805
7815
7819
7835
7848
7852
7853
7856
7861
7866
7877
7907
7948
7957
7975
7984
7988
7993
8000
8007
8016
8239
8275
8348
8547
8741
8744
8764
8772
8808
9074
9087
9144
9959
10204
10207
10221
10229
10236
10247
10257
10267
10272
10275
10280
10293
10297
10303
10318
10379
10425
10628
10684
10694
10701
10716
10737
10740
10743
10745
10756
10775
10839
10843
10862
11483
11552
11557
11704
11717
11730
11735
11742
11771
11773
11778
11786
11795
11796
11799
11802
11809
11851
11957
11959
11965
11986
11988
11993
12004
12010
12036
12048
13131
13208
13357
13454
13457
13464
13548
14015
14022
14113
