0
1
2
3
4
5
6
7
8
11
12
13
14
15
17
20
21
25
27
28
33
34
36
38
40
42
43
44
45
47
52
54
57
59
60
61
62
63
64
65
66
68
69
70
71
72
74
75
76
78
80
81
82
83
84
94
95
97
98
102
103
104
105
108
110
111
113
114
115
117
119
120
121
123
125
126
127
129
130
131
132
135
137
142
144
145
146
147
148
149
150
151
152
154
157
161
164
165
167
169
170
172
173
174
175
178
179
180
182
183
184
185
187
188
195
197
199
201
207
208
210
211
214
220
221
222
225
226
228
230
231
233
234
235
236
237
238
239
240
241
242
245
246
247
249
250
251
253
255
257
258
266
269
270
271
272
273
274
275
277
279
281
283
286
287
288
293
294
295
296
297
298
300
301
302
303
304
305
306
307
308
310
311
315
316
317
318
320
321
322
323
324
327
331
332
333
335
337
338
340
341
342
346
348
360
361
362
363
364
365
366
367
368
369
370
371
373
374
375
376
377
378
379
380
382
383
384
385
386
387
389
390
391
392
393
394
395
396
397
398
399
400
401
402
403
404
405
406
407
408
409
410
411
412
413
414
415
416
417
418
420
421
423
425
426
427
429
430
431
432
433
434
435
436
437
439
440
442
443
444
445
447
448
449
451
452
453
454
457
458
459
460
461
462
463
464
465
466
467
468
469
470
471
473
475
476
477
478
480
481
482
483
484
485
486
487
488
489
490
491
492
493
494
495
496
498
499
501
502
503
504
505
507
508
509
510
512
514
515
516
517
519
520
521
522
523
525
526
528
530
531
532
535
536
537
538
539
542
543
544
548
549
553
554
556
557
558
559
560
564
565
570
573
574
578
580
581
583
584
593
594
597
599
603
605
608
609
611
612
614
617
620
621
623
624
626
628
629
630
631
632
633
634
635
636
645
647
648
650
652
654
655
657
659
661
662
663
666
667
670
672
675
676
682
683
684
685
686
687
688
689
690
691
694
695
696
697
700
702
703
704
705
706
709
710
712
715
716
717
718
720
722
725
727
729
730
731
732
735
736
737
740
742
743
746
748
752
754
756
758
759
760
762
764
765
767
768
770
772
774
775
777
781
782
787
788
789
790
791
792
793
795
796
797
798
800
802
804
805
806
810
811
812
813
818
819
820
824
825
826
828
829
830
831
835
836
837
843
844
846
847
848
851
852
853
858
859
860
862
863
864
866
867
868
870
871
872
873
879
880
886
887
888
889
891
892
893
895
896
897
900
901
902
905
906
908
909
910
911
912
913
916
919
922
925
926
927
928
929
930
931
932
934
935
936
937
939
943
945
946
948
949
951
958
959
960
961
963
965
969
972
973
974
975
978
979
981
982
985
989
992
993
994
995
997
998
1001
1003
1004
1005
1006
1007
1008
1009
1011
1012
1013
1014
1015
1016
1018
1019
1020
1022
1025
1029
1030
1037
1039
1040
1041
1043
1044
1045
1048
1055
1056
1057
1059
1062
1063
1064
1066
1067
1068
1081
1082
1084
1088
1090
1093
1096
1101
1103
1104
1105
1110
1112
1133
1134
1136
1140
1142
1146
1150
1156
1159
1166
1185
1195
1196
1197
1203
1216
1217
1218
1219
1220
1234
1237
1239
1241
1242
1243
1244
1245
1246
1249
1250
1253
1256
1257
1260
1263
1264
1271
1273
1274
1278
1279
1280
1287
1288
1290
1291
1292
1293
1301
1305
1306
1307
1312
1313
1314
1315
1316
1318
1320
1321
1322
1323
1324
1325
1327
1330
1332
1338
1339
1340
1342
1344
1349
1355
1358
1360
1361
1362
1364
1367
1369
1374
1378
1384
1390
1395
1399
1400
1403
1407
1410
1412
1413
1414
1418
1420
1421
1422
1423
1424
1425
1428
1434
1442
1443
1444
1446
1448
1449
1450
1451
1456
1460
1464
1465
1468
1470
1472
1474
1481
1485
1487
1492
1496
1498
1500
1501
1503
1505
1508
1510
1515
1517
1522
1528
1533
1534
1536
1540
1544
1547
1548
1549
1550
1552
1555
1559
1560
1562
1565
1566
1567
1570
1575
1580
1581
1582
1584
1585
1587
1588
1589
1591
1592
1595
1596
1601
1603
1605
1606
1607
1608
1609
1612
1613
1615
1618
1619
1620
1621
1622
1624
1625
1626
1627
1630
1631
1633
1634
1635
1636
1637
1638
1639
1643
1644
1648
1649
1650
1651
1652
1653
1657
1660
1661
1662
1663
1665
1667
1668
1669
1670
1676
1678
1679
1680
1682
1685
1686
1692
1694
1696
1699
1703
1704
1705
1711
1713
1714
1717
1720
1722
1724
1725
1727
1728
1731
1734
1737
1739
1743
1746
1748
1749
1753
1754
1755
1756
1759
1760
1762
1763
1766
1768
1772
1776
1777
1778
1780
1781
1782
1786
1790
1792
1793
1794
1796
1807
1814
1829
1839
1856
1859
1863
1868
1870
1877
1878
1904
1907
1909
1910
1911
1919
1922
1925
1931
1938
1939
1941
1942
1943
1944
1945
1948
1950
1951
1952
1956
1960
1963
1966
1971
1973
1974
1975
1976
1977
1978
1979
1981
1982
1985
1988
2000
2002
2011
2023
2028
2029
2035
2036
2037
2040
2042
2044
2051
2054
2057
2059
2061
2063
2066
2069
2070
2073
2075
2079
2086
2088
2094
2095
2097
2099
2100
2101
2103
2105
2107
2108
2111
2112
2113
2120
2121
2123
2128
2130
2132
2140
2141
2142
2143
2146
2150
2151
2153
2154
2155
2158
2159
2161
2162
2164
2166
2167
2169
2176
2179
2184
2187
2192
2193
2194
2202
2207
2210
2211
2212
2214
2218
2219
2220
2221
2224
2225
2228
2230
2232
2234
2236
2238
2240
2241
2242
2243
2244
2246
2247
2248
2249
2252
2255
2258
2265
2266
2268
2272
2275
2281
2283
2284
2287
2290
2293
2294
2298
2300
2307
2317
2319
2321
2323
2330
2334
2338
2342
2343
2348
2349
2354
2356
2358
2359
2361
2362
2364
2368
2369
2370
2371
2372
2373
2374
2375
2376
2381
2385
2386
2388
2391
2396
2399
2400
2426
2430
2433
2434
2435
2437
2438
2444
2445
2448
2453
2454
2455
2457
2460
2461
2462
2467
2469
2470
2474
2475
2477
2479
2480
2481
2483
2486
2487
2490
2491
2493
2495
2496
2499
2503
2504
2516
2526
2531
2532
2535
2537
2538
2540
2547
2549
2553
2559
2566
2570
2571
2573
2578
2579
2581
2585
2586
2588
2591
2592
2595
2600
2601
2609
2610
2611
2613
2614
2615
2616
2618
2619
2621
2622
2625
2626
2635
2638
2641
2643
2650
2653
2654
2655
2658
2659
2662
2663
2665
2672
2676
2679
2680
2685
2686
2696
2697
2698
2700
2703
2705
2707
2708
2710
2720
2721
2722
2726
2730
2732
2734
2735
2737
2739
2740
2741
2744
2747
2751
2753
2754
2755
2756
2757
2759
2760
2761
2770
2773
2776
2781
2782
2784
2785
2789
2791
2794
2799
2801
2802
2803
2804
2805
2806
2808
2809
2810
2812
2813
2814
2815
2817
2820
2824
2830
2831
2832
2843
2844
2847
2849
2850
2853
2854
2857
2859
2860
2863
2864
2867
2869
2870
2871
2873
2874
2875
2880
2883
2885
2887
2890
2894
2895
2906
2907
2911
2912
2913
2914
2915
2916
2919
2920
2922
2926
2927
2928
2929
2930
2931
2933
2934
2935
2936
2940
2944
2945
2946
2948
2950
2951
2953
2955
2956
2962
2963
2967
2968
2969
2970
2972
2973
2976
2977
2978
2980
2981
2982
2985
2986
2989
2991
2992
2993
2995
2996
2997
2998
2999
3002
3003
3004
3005
3008
3009
3010
3015
3016
3017
3019
3020
3023
3024
3025
3028
3032
3035
3037
3045
3046
3047
3049
3051
3052
3053
3055
3061
3062
3066
3067
3068
3069
3070
3071
3072
3073
3074
3076
3077
3079
3080
3082
3083
3085
3087
3090
3091
3092
3094
3100
3101
3102
3103
3104
3105
3106
3107
3111
3114
3117
3119
3120
3121
3123
3124
3126
3127
3128
3129
3132
3134
3138
3140
3141
3144
3146
3149
3150
3152
3153
3156
3158
3159
3161
3162
3164
3165
3180
3181
3185
3188
3189
3191
3192
3193
3198
3199
3201
3202
3205
3206
3211
3212
3215
3218
3224
3225
3228
3229
3234
3240
3241
3242
3244
3246
3247
3248
3249
3250
3252
3253
3254
3257
3259
3263
3267
3268
3269
3272
3275
3278
3281
3287
3290
3293
3294
3295
3297
3299
3301
3302
3304
3305
3306
3307
3313
3314
3315
3317
3318
3320
3321
3326
3329
3331
3332
3335
3340
3345
3346
3348
3349
3352
3365
3366
3369
3375
3377
3379
3383
3384
3385
3386
3392
3395
3397
3399
3401
3403
3406
3408
3409
3410
3413
3414
3416
3417
3418
3419
3421
3422
3425
3426
3427
3428
3430
3432
3436
3442
3450
3454
3457
3459
3462
3464
3467
3468
3469
3470
3473
3479
3482
3489
3493
3495
3497
3498
3499
3501
3504
3506
3508
3509
3519
3522
3527
3529
3540
3544
3550
3554
3561
3562
3568
3569
3570
3574
3580
3582
3587
3589
3593
3596
3601
3605
3609
3617
3622
3643
3646
3647
3650
3652
3661
3663
3666
3668
3669
3670
3671
3674
3675
3676
3677
3678
3681
3682
3687
3698
3699
3701
3704
3709
3710
3711
3714
3718
3719
3722
3724
3725
3732
3734
3735
3741
3744
3745
3749
3751
3752
3759
3760
3761
3763
3770
3775
3776
3779
3780
3782
3783
3784
3789
3790
3791
3792
3794
3796
3797
3798
3799
3802
3804
3806
3807
3808
3809
3812
3813
3816
3823
3824
3825
3826
3830
3831
3832
3833
3835
3836
3837
3839
3842
3843
3846
3848
3849
3851
3852
3853
3854
3856
3857
3859
3860
3861
3863
3864
3865
3866
3867
3869
3872
3873
3875
3877
3880
3882
3884
3885
3886
3888
3890
3892
3893
3895
3896
3897
3898
3903
3904
3905
3906
3907
3908
3909
3913
3914
3915
3918
3922
3928
3934
3939
3947
3955
3958
3963
3964
3969
3970
3971
3973
3976
3977
3983
3984
3985
3989
3990
3994
3995
3998
4000
4002
4005
4006
4010
4011
4013
4017
4018
4023
4025
4031
4032
4035
4040
4044
4045
4046
4051
4052
4053
4054
4055
4058
4059
4060
4067
4070
4072
4074
4076
4082
4083
4085
4087
4092
4095
4096
4097
4098
4100
4102
4103
4104
4107
4109
4110
4111
4112
4113
4115
4116
4117
4118
4119
4120
4121
4122
4123
4125
4126
4127
4133
4134
4135
4137
4139
4141
4142
4143
4144
4145
4148
4149
4150
4152
4153
4155
4156
4163
4167
4169
4170
4172
4173
4176
4178
4179
4182
4183
4184
4186
4188
4192
4193
4194
4195
4197
4198
4202
4204
4215
4222
4227
4230
4231
4232
4233
4234
4235
4236
4239
4242
4252
4254
4256
4258
4262
4263
4268
4270
4276
4278
4280
4282
4283
4305
4306
4307
4308
4309
4312
4313
4314
4315
4319
4320
4321
4324
4329
4330
4331
4332
4334
4339
4340
4344
4346
4348
4349
4350
4351
4355
4356
4357
4358
4359
4364
4366
4368
4371
4372
4373
4377
4378
4380
4382
4383
4385
4387
4393
4396
4397
4398
4402
4404
4405
4407
4408
4409
4410
4423
4427
4431
4434
4435
4436
4437
4445
4446
4447
4449
4450
4452
4454
4455
4459
4462
4463
4466
4467
4470
4471
4474
4475
4476
4479
4484
4485
4487
4490
4491
4493
4499
4505
4511
4516
4518
4519
4522
4523
4525
4526
4529
4530
4533
4536
4540
4542
4543
4544
4546
4550
4551
4555
4557
4560
4564
4569
4572
4581
4584
4587
4590
4595
4597
4599
4604
4608
4612
4613
4618
4620
4625
4628
4630
4635
4636
4637
4638
4639
4641
4643
4644
4647
4648
4649
4650
4651
4652
4653
4655
4656
4657
4658
4659
4660
4662
4663
4664
4665
4693
4700
4704
4706
4718
4719
4730
4743
4746
4761
4766
4780
4782
4790
4796
4797
4800
4803
4804
4806
4808
4810
4811
4812
4827
4829
4834
4845
4846
4847
4849
4862
4863
4864
4865
4866
4871
4874
4875
4880
4884
4895
4920
4923
4926
4930
4931
4942
4943
4955
4957
4962
4965
4968
4970
4973
4974
4980
4992
4993
4996
5008
5010
5014
5018
5024
5025
5026
5039
5044
5048
5062
5066
5068
5069
5072
5082
5084
5085
5087
5088
5089
5090
5091
5092
5093
5094
5097
5100
5105
5106
5107
5110
5115
5121
5125
5132
5133
5141
5143
5144
5146
5149
5151
5160
5161
5162
5164
5165
5166
5167
5169
5172
5173
5174
5175
5176
5178
5180
5182
5183
5189
5191
5192
5194
5195
5196
5203
5206
5208
5210
5211
5213
5215
5216
5217
5219
5221
5222
5224
5226
5227
5231
5232
5234
5237
5238
5239
5242
5243
5247
5248
5249
5253
5257
5259
5267
5268
5272
5277
5278
5280
5281
5282
5283
5288
5295
5296
5298
5301
5303
5304
5305
5306
5307
5308
5311
5314
5315
5316
5318
5319
5320
5322
5323
5328
5330
5331
5332
5333
5334
5335
5338
5341
5344
5349
5350
5351
5352
5354
5355
5359
5362
5364
5366
5369
5372
5373
5375
5376
5377
5378
5379
5380
5382
5389
5392
5393
5394
5396
5398
5399
5400
5401
5403
5404
5405
5406
5407
5408
5410
5414
5416
5417
5418
5419
5420
5422
5423
5425
5430
5431
5432
5433
5434
5435
5437
5442
5444
5445
5447
5452
5454
5455
5457
5459
5461
5464
5466
5467
5468
5469
5471
5472
5473
5474
5475
5476
5477
5478
5479
5481
5483
5484
5486
5487
5489
5490
5491
5493
5494
5496
5500
5501
5503
5504
5505
5506
5508
5511
5512
5514
5516
5517
5519
5520
5521
5523
5524
5528
5530
5531
5532
5533
5534
5536
5538
5539
5540
5541
5543
5545
5546
5548
5550
5551
5552
5555
5557
5559
5563
5567
5568
5570
5572
5573
5574
5575
5577
5579
5580
5581
5583
5585
5587
5588
5597
5601
5602
5606
5607
5610
5613
5615
5616
5617
5619
5622
5623
5624
5627
5629
5631
5632
5633
5634
5635
5636
5637
5639
5643
5645
5648
5650
5652
5654
5656
5658
5662
5663
5665
5667
5668
5669
5672
5673
5674
5675
5676
5677
5679
5680
5681
5682
5683
5684
5685
5688
5693
5696
5698
5699
5700
5704
5705
5706
5707
5708
5710
5714
5716
5717
5723
5724
5725
5728
5731
5733
5734
5737
5739
5740
5742
5743
5744
5745
5746
5749
5750
5751
5752
5754
5755
5756
5757
5763
5765
5767
5770
5772
5774
5775
5778
5779
5781
5783
5785
5787
5788
5792
5793
5794
5796
5797
5800
5802
5807
5809
5814
5815
5819
5825
5829
5832
5834
5835
5837
5860
5861
5862
5863
5865
5867
5868
5869
5871
5873
5879
5880
5884
5885
5887
5890
5893
5894
5895
5897
5898
5899
5904
5911
5915
5917
5938
5939
5943
5945
5948
5951
5955
5958
5959
5960
5961
5962
5965
5971
5972
5973
5974
5975
5976
5978
5983
5986
5988
5990
5991
5994
6007
6012
6018
6019
6020
6024
6026
6028
6029
6032
6034
6035
6038
6039
6040
6044
6045
6046
6050
6055
6058
6060
6064
6068
6069
6072
6076
6079
6080
6082
6101
6109
6111
6112
6116
6117
6118
6124
6131
6132
6148
6149
6150
6151
6152
6156
6157
6159
6162
6166
6169
6170
6173
6176
6177
6180
6182
6186
6187
6188
6191
6192
6194
6199
6200
6203
6204
6206
6210
6221
6222
6223
6232
6235
6237
6241
6246
6247
6250
6253
6255
6257
6259
6261
6263
6266
6269
6272
6273
6274
6278
6280
6281
6287
6288
6294
6296
6299
6302
6305
6307
6309
6310
6311
6314
6315
6316
6322
6323
6324
6327
6329
6331
6333
6334
6335
6339
6341
6346
6347
6351
6354
6356
6358
6367
6370
6371
6372
6374
6376
6377
6383
6387
6388
6390
6391
6392
6393
6394
6395
6396
6398
6400
6401
6402
6403
6407
6408
6409
6410
6412
6413
6418
6419
6420
6421
6423
6424
6426
6429
6431
6432
6433
6434
6435
6438
6440
6444
6445
6446
6447
6448
6449
6457
6463
6464
6467
6468
6469
6475
6476
6477
6479
6481
6484
6487
6489
6496
6497
6504
6505
6506
6508
6512
6514
6515
6517
6520
6522
6524
6525
6526
6529
6531
6533
6534
6536
6538
6540
6542
6543
6544
6545
6546
6547
6548
6549
6551
6552
6554
6555
6561
6568
6569
6570
6571
6573
6574
6576
6577
6580
6582
6589
6592
6594
6598
6599
6600
6603
6606
6609
6612
6615
6616
6617
6619
6620
6625
6626
6628
6634
6643
6646
6652
6654
6655
6657
6659
6661
6664
6666
6667
6668
6672
6673
6675
6677
6679
6680
6681
6685
6686
6687
6690
6693
6694
6695
6696
6697
6699
6703
6710
6712
6715
6716
6720
6725
6731
6732
6736
6737
6738
6739
6742
6743
6755
6757
6760
6764
6765
6766
6769
6774
6776
6777
6779
6784
6785
6786
6788
6790
6803
6804
6806
6807
6808
6809
6810
6811
6812
6817
6818
6819
6820
6822
6823
6824
6826
6827
6829
6830
6831
6832
6833
6836
6837
6838
6839
6841
6844
6845
6847
6848
6855
6856
6857
6859
6861
6864
6868
6870
6872
6873
6876
6878
6879
6881
6882
6885
6887
6889
6890
6891
6892
6893
6895
6896
6898
6899
6901
6902
6903
6906
6908
6909
6913
6914
6918
6921
6922
6923
6924
6925
6926
6930
6931
6932
6936
6937
6940
6941
6942
6946
6948
6951
6953
6954
6955
6956
6957
6960
6964
6965
6966
6968
6969
6970
6978
6979
6980
6981
6983
6985
6987
6989
6992
6994
6997
7001
7002
7004
7007
7016
7018
7024
7030
7037
7043
7045
7046
7047
7049
7050
7053
7055
7058
7063
7066
7068
7075
7076
7078
7080
7085
7087
7089
7091
7092
7099
7100
7103
7104
7105
7106
7107
7108
7110
7114
7115
7119
7123
7124
7127
7128
7129
7133
7136
7138
7139
7140
7141
7142
7143
7144
7145
7148
7150
7153
7156
7159
7161
7163
7166
7167
7169
7171
7174
7177
7180
7181
7183
7185
7186
7187
7191
7192
7193
7196
7202
7203
7204
7208
7210
7211
7215
7218
7219
7220
7224
7226
7227
7228
7229
7231
7232
7236
7237
7240
7241
7244
7245
7250
7251
7254
7255
7256
7265
7266
7268
7269
7275
7278
7280
7284
7289
7295
7297
7302
7305
7307
7308
7313
7314
7322
7325
7326
7327
7329
7330
7332
7333
7334
7335
7336
7337
7339
7344
7355
7357
7360
7361
7362
7363
7364
7365
7371
7372
7376
7377
7380
7381
7382
7383
7384
7385
7386
7390
7391
7393
7394
7397
7398
7400
7401
7402
7405
7406
7407
7408
7409
7410
7412
7414
7415
7418
7420
7422
7424
7425
7429
7430
7431
7432
7433
7434
7436
7437
7442
7443
7444
7446
7448
7449
7450
7452
7454
7455
7456
7459
7460
7461
7463
7469
7475
7476
7477
7478
7479
7480
7481
7482
7483
7486
7487
7488
7490
7493
7495
7496
7497
7498
7499
7501
7504
7505
7506
7507
7510
7511
7514
7515
7516
7518
7520
7522
7524
7526
7528
7529
7530
7531
7532
7533
7535
7536
7539
7541
7542
7543
7544
7545
7547
7548
7549
7553
7555
7556
7557
7559
7560
7562
7563
7564
7565
7570
7571
7572
7575
7576
7577
7579
7581
7583
7586
7587
7590
7591
7592
7593
7594
7595
7596
7598
7599
7600
7601
7603
7604
7606
7607
7608
7609
7610
7611
7613
7614
7615
7616
7618
7620
7622
7624
7626
7628
7631
7633
7636
7639
7640
7642
7643
7645
7647
7648
7653
7654
7657
7658
7661
7663
7664
7665
7668
7670
7671
7674
7677
7679
7680
7682
7687
7689
7690
7691
7693
7695
7697
7698
7700
7702
7723
7726
7731
7733
7735
7736
7738
7740
7744
7747
7753
7760
7761
7762
7764
7767
7769
7772
7773
7776
7777
7778
7781
7784
7787
7790
7791
7793
7795
7797
7798
7799
7800
7804
7805
7806
7807
7811
7813
7815
7818
7819
7822
7823
7824
7825
7827
7828
7831
7833
7834
7835
7836
7838
7839
7841
7842
7847
7851
7852
7853
7854
7856
7857
7858
7859
7860
7861
7863
7868
7869
7871
7873
7875
7876
7877
7880
7883
7884
7885
7888
7890
7892
7894
7897
7898
7902
7903
7904
7907
7908
7910
7911
7912
7913
7914
7915
7916
7919
7922
7923
7925
7926
7927
7928
7929
7930
7931
7935
7936
7938
7941
7947
7948
7950
7951
7952
7955
7956
7957
7959
7960
7962
7963
7964
7967
7970
7973
7974
7975
7976
7978
7979
7980
7982
7984
7986
7987
7988
7989
7990
7993
7996
8000
8002
8003
8005
8007
8009
8010
8011
8013
8016
8017
8019
8020
8021
8040
8041
8045
8050
8053
8057
8059
8060
8061
8062
8063
8066
8069
8072
8074
8075
8078
8079
8081
8082
8084
8085
8088
8089
8090
8092
8093
8097
8098
8102
8103
8107
8112
8114
8120
8121
8132
8134
8142
8144
8147
8152
8153
8156
8163
8174
8177
8188
8190
8192
8193
8195
8202
8207
8211
8212
8214
8215
8216
8220
8221
8222
8223
8224
8226
8228
8231
8233
8239
8241
8243
8245
8255
8256
8258
8260
8261
8262
8263
8268
8270
8273
8274
8275
8277
8282
8283
8284
8285
8286
8287
8289
8290
8292
8294
8299
8307
8310
8311
8315
8316
8319
8321
8322
8324
8326
8327
8329
8330
8337
8340
8341
8342
8345
8348
8350
8351
8355
8359
8360
8362
8366
8367
8368
8373
8374
8375
8376
8377
8379
8383
8384
8385
8386
8387
8388
8389
8391
8393
8395
8396
8401
8403
8414
8420
8424
8425
8428
8429
8430
8432
8436
8441
8442
8445
8446
8447
8454
8455
8457
8462
8468
8477
8479
8490
8491
8493
8496
8504
8505
8510
8516
8520
8522
8528
8542
8543
8547
8548
8549
8550
8553
8554
8555
8563
8567
8576
8577
8579
8591
8593
8594
8599
8602
8611
8613
8614
8616
8617
8619
8629
8632
8635
8638
8642
8647
8650
8651
8652
8653
8654
8655
8658
8660
8661
8664
8665
8667
8669
8670
8672
8676
8677
8678
8679
8680
8681
8683
8686
8687
8689
8692
8694
8696
8697
8699
8702
8703
8708
8709
8710
8715
8716
8717
8718
8721
8722
8723
8724
8725
8726
8730
8731
8735
8737
8738
8741
8744
8745
8747
8750
8751
8754
8755
8756
8757
8758
8761
8764
8766
8768
8769
8770
8772
8773
8778
8781
8782
8783
8785
8786
8787
8791
8792
8794
8795
8797
8798
8803
8804
8808
8811
8812
8817
8819
8821
8841
8843
8845
8849
8850
8852
8855
8856
8859
8860
8861
8863
8865
8867
8869
8870
8871
8872
8874
8875
8876
8877
8878
8879
8880
8881
8882
8884
8885
8886
8887
8889
8892
8893
8894
8895
8896
8897
8898
8899
8901
8902
8905
8908
8909
8914
8919
8920
8921
8923
8924
8929
8930
8931
8933
8934
8938
8939
8941
8943
8946
8947
8949
8960
8962
8963
8964
8966
8967
8971
8973
8974
8975
8977
8980
8983
8984
8986
8989
8990
8998
9000
9001
9002
9006
9007
9012
9016
9017
9018
9019
9021
9022
9026
9028
9029
9033
9034
9036
9037
9039
9045
9049
9051
9052
9053
9054
9057
9058
9062
9066
9067
9072
9074
9079
9087
9092
9098
9101
9102
9103
9106
9107
9108
9109
9110
9111
9115
9116
9117
9119
9122
9123
9124
9125
9126
9127
9130
9131
9134
9135
9137
9138
9144
9145
9146
9147
9148
9149
9150
9152
9158
9160
9163
9164
9165
9166
9169
9174
9175
9177
9179
9206
9207
9210
9216
9217
9219
9221
9223
9224
9225
9228
9233
9235
9236
9239
9243
9245
9246
9248
9249
9251
9252
9258
9259
9261
9262
9263
9264
9265
9266
9267
9271
9272
9273
9274
9275
9277
9278
9279
9284
9287
9288
9291
9292
9293
9294
9295
9296
9297
9298
9300
9301
9305
9306
9310
9312
9314
9319
9320
9325
9327
9328
9332
9335
9336
9337
9339
9342
9344
9345
9347
9348
9349
9350
9354
9355
9358
9360
9361
9362
9363
9368
9372
9379
9383
9384
9387
9388
9389
9393
9394
9397
9398
9399
9400
9404
9406
9407
9408
9409
9410
9411
9418
9419
9421
9422
9424
9431
9434
9437
9438
9439
9463
9465
9475
9478
9487
9489
9494
9505
9506
9508
9513
9515
9516
9517
9522
9526
9538
9542
9543
9545
9546
9549
9550
9553
9555
9560
9561
9565
9571
9577
9578
9582
9584
9585
9597
9600
9601
9603
9605
9606
9607
9608
9609
9614
9615
9619
9622
9623
9625
9626
9627
9630
9631
9633
9634
9635
9637
9639
9640
9642
9645
9646
9651
9654
9655
9657
9658
9660
9663
9666
9667
9668
9671
9672
9674
9675
9680
9681
9682
9684
9686
9687
9690
9693
9696
9707
9709
9710
9714
9719
9723
9725
9727
9729
9731
9732
9733
9735
9738
9742
9745
9747
9750
9752
9754
9761
9762
9766
9770
9791
9792
9797
9801
9846
9850
9851
9853
9855
9859
9861
9862
9864
9866
9867
9869
9870
9873
9876
9882
9883
9886
9887
9888
9902
9907
9913
9915
9916
9920
9924
9925
9926
9929
9930
9931
9932
9935
9936
9937
9939
9940
9942
9945
9947
9948
9955
9956
9958
9959
9960
9962
9963
9967
9970
9974
9977
9978
9979
9981
9983
9984
9989
9990
9994
9995
10000
10005
10007
10008
10011
10022
10023
10024
10030
10037
10038
10039
10040
10041
10046
10049
10051
10052
10058
10060
10064
10065
10069
10072
10074
10075
10076
10078
10080
10085
10086
10087
10088
10094
10095
10096
10098
10100
10102
10104
10105
10108
10109
10116
10119
10126
10128
10132
10135
10136
10140
10141
10142
10143
10145
10146
10149
10150
10151
10154
10155
10159
10160
10162
10164
10167
10171
10172
10173
10177
10179
10186
10188
10189
10192
10196
10197
10200
10206
10207
10212
10215
10219
10220
10221
10224
10225
10226
10230
10232
10236
10237
10239
10247
10249
10251
10256
10259
10265
10266
10267
10268
10270
10271
10272
10275
10276
10279
10280
10282
10284
10285
10290
10291
10295
10296
10297
10298
10300
10303
10312
10313
10317
10318
10322
10323
10326
10330
10333
10335
10340
10345
10348
10349
10354
10356
10360
10366
10370
10379
10383
10386
10387
10390
10391
10393
10394
10397
10398
10402
10404
10407
10408
10411
10417
10418
10419
10422
10424
10425
10426
10427
10429
10432
10434
10436
10437
10452
10455
10457
10466
10467
10471
10472
10473
10481
10483
10484
10485
10486
10488
10490
10492
10493
10494
10496
10497
10499
10502
10503
10512
10514
10515
10516
10517
10523
10525
10527
10530
10532
10539
10540
10541
10542
10543
10545
10546
10547
10549
10553
10554
10555
10556
10563
10568
10569
10570
10571
10572
10573
10575
10596
10598
10603
10624
10626
10628
10632
10638
10639
10640
10643
10644
10652
10653
10655
10666
10667
10668
10671
10674
10676
10680
10681
10683
10684
10687
10690
10694
10696
10700
10701
10702
10704
10705
10706
10713
10715
10717
10720
10721
10722
10725
10726
10727
10729
10731
10733
10734
10736
10743
10745
10750
10751
10752
10754
10755
10757
10759
10762
10763
10766
10767
10768
10769
10773
10774
10776
10777
10779
10783
10784
10785
10791
10796
10798
10800
10802
10804
10809
10814
10824
10825
10826
10827
10828
10829
10833
10836
10837
10838
10839
10840
10841
10843
10852
10853
10854
10855
10856
10857
10858
10859
10861
10864
10876
10882
10883
10885
10888
10889
10892
10893
10896
10897
10900
10902
10906
10912
10917
10918
10919
10920
10921
10922
10924
10926
10932
10934
10936
10947
10949
10951
10952
10953
10956
10958
10959
10960
10970
10978
10979
10981
10988
10991
10994
10997
11001
11005
11011
11012
11016
11020
11021
11022
11025
11028
11030
11040
11045
11046
11051
11052
11053
11054
11055
11057
11061
11067
11069
11071
11073
11076
11081
11082
11087
11088
11090
11093
11094
11099
11100
11103
11104
11107
11108
11109
11113
11115
11117
11118
11120
11121
11125
11130
11132
11134
11136
11138
11144
11146
11147
11148
11150
11152
11155
11156
11157
11158
11160
11162
11166
11168
11170
11171
11176
11179
11180
11181
11183
11184
11188
11189
11199
11200
11201
11202
11208
11209
11211
11214
11215
11217
11218
11219
11224
11225
11228
11230
11231
11232
11234
11238
11239
11240
11241
11242
11243
11247
11250
11251
11252
11253
11256
11263
11265
11266
11267
11268
11269
11270
11271
11277
11279
11280
11282
11283
11285
11286
11288
11289
11290
11291
11293
11296
11299
11300
11323
11324
11325
11327
11331
11336
11339
11362
11363
11366
11371
11385
11389
11390
11392
11393
11395
11397
11399
11400
11401
11402
11403
11404
11405
11408
11411
11417
11423
11427
11429
11433
11434
11441
11443
11444
11447
11449
11450
11452
11453
11459
11460
11462
11463
11464
11468
11470
11473
11474
11477
11480
11482
11483
11485
11514
11518
11519
11523
11529
11535
11539
11548
11552
11553
11555
11557
11566
11569
11577
11578
11582
11583
11586
11593
11594
11596
11599
11602
11605
11607
11611
11613
11615
11617
11618
11619
11625
11628
11629
11631
11635
11645
11650
11653
11655
11658
11659
11664
11665
11666
11668
11669
11677
11682
11683
11686
11688
11689
11690
11692
11695
11698
11702
11703
11704
11707
11710
11712
11713
11714
11716
11717
11718
11719
11721
11723
11725
11726
11727
11728
11730
11731
11732
11733
11735
11737
11738
11739
11741
11742
11747
11749
11752
11753
11754
11758
11763
11765
11766
11768
11771
11773
11774
11777
11778
11779
11780
11781
11783
11784
11785
11786
11790
11795
11796
11797
11800
11802
11803
11804
11806
11809
11811
11816
11817
11818
11820
11822
11823
11824
11825
11826
11828
11829
11830
11832
11834
11835
11836
11837
11838
11839
11840
11842
11843
11847
11849
11850
11851
11852
11856
11857
11859
11860
11861
11865
11866
11867
11868
11869
11870
11871
11872
11873
11876
11878
11881
11882
11884
11888
11890
11892
11893
11894
11896
11898
11900
11901
11902
11904
11907
11909
11913
11914
11915
11920
11923
11924
11925
11926
11927
11928
11933
11934
11936
11937
11938
11939
11940
11941
11942
11943
11944
11945
11946
11947
11949
11951
11952
11953
11958
11960
11962
11963
11964
11965
11967
11968
11969
11972
11973
11974
11975
11978
11980
11981
11982
11983
11984
11985
11987
11988
11989
11990
11991
11993
11995
11997
11998
12000
12001
12004
12007
12009
12010
12011
12015
12018
12020
12022
12025
12027
12028
12030
12033
12034
12035
12036
12039
12043
12044
12045
12046
12047
12048
12050
12051
12052
12053
12058
12062
12063
12080
12081
12082
12083
12084
12087
12091
12093
12096
12100
12103
12104
12109
12110
12112
12114
12116
12119
12126
12136
12138
12141
12142
12143
12148
12149
12153
12155
12159
12160
12161
12162
12164
12171
12172
12175
12176
12179
12181
12184
12186
12188
12189
12190
12191
12193
12194
12196
12199
12204
12205
12210
12220
12225
12226
12227
12230
12232
12242
12245
12263
12272
12279
12280
12293
12307
12310
12312
12316
12319
12321
12323
12326
12327
12330
12334
12336
12341
12344
12346
12349
12350
12358
12364
12369
12373
12375
12376
12384
12392
12394
12395
12399
12400
12409
12415
12421
12423
12424
12426
12432
12437
12438
12442
12444
12467
12468
12474
12475
12477
12478
12479
12482
12483
12484
12485
12486
12489
12490
12491
12499
12503
12504
12505
12508
12509
12514
12515
12517
12518
12519
12522
12523
12525
12526
12527
12528
12533
12535
12536
12537
12538
12539
12540
12543
12545
12547
12548
12550
12551
12552
12558
12559
12560
12562
12567
12571
12573
12575
12576
12578
12580
12583
12584
12586
12592
12593
12596
12597
12599
12601
12602
12603
12604
12605
12607
12608
12609
12610
12611
12613
12614
12615
12618
12619
12623
12625
12628
12630
12631
12632
12633
12634
12635
12637
12638
12639
12640
12641
12642
12643
12644
12645
12646
12648
12650
12651
12652
12653
12654
12656
12661
12664
12665
12669
12670
12671
12672
12673
12674
12679
12683
12684
12686
12687
12689
12690
12692
12695
12698
12699
12705
12707
12708
12709
12710
12711
12712
12713
12715
12719
12720
12722
12723
12726
12727
12732
12735
12737
12738
12740
12741
12746
12747
12749
12750
12752
12754
12755
12757
12758
12759
12760
12761
12763
12764
12765
12767
12770
12775
12776
12777
12778
12782
12783
12784
12786
12787
12789
12791
12792
12795
12797
12798
12801
12802
12803
12804
12805
12810
12811
12813
12814
12818
12819
12821
12822
12823
12827
12831
12832
12834
12836
12837
12838
12840
12843
12847
12860
12861
12864
12865
12871
12873
12875
12881
12883
12884
12885
12888
12893
12905
12910
12917
12919
12920
12921
12925
12927
12928
12929
12932
12933
12938
12939
12940
12945
12946
12948
12950
12951
12954
12957
12959
12967
12968
12970
12971
12982
12983
12984
12985
12987
12989
12990
12991
12993
12994
12995
12997
12999
13001
13002
13003
13004
13005
13006
13008
13009
13010
13011
13018
13019
13020
13022
13025
13026
13028
13029
13030
13031
13032
13034
13036
13041
13044
13045
13046
13047
13050
13053
13054
13055
13056
13059
13062
13063
13064
13065
13067
13070
13072
13079
13082
13083
13084
13085
13088
13092
13093
13096
13097
13099
13101
13104
13107
13109
13110
13113
13114
13117
13119
13125
13127
13131
13132
13133
13134
13136
13140
13141
13145
13147
13148
13149
13150
13151
13153
13156
13157
13158
13160
13163
13166
13167
13168
13169
13171
13173
13175
13178
13181
13182
13183
13185
13190
13191
13192
13193
13197
13200
13201
13202
13203
13204
13205
13207
13208
13221
13226
13230
13231
13233
13235
13236
13237
13246
13269
13270
13271
13272
13273
13275
13279
13286
13293
13295
13296
13299
13300
13302
13305
13306
13307
13309
13315
13316
13324
13330
13331
13332
13336
13339
13346
13350
13351
13353
13356
13357
13358
13361
13364
13370
13374
13377
13378
13379
13380
13383
13384
13389
13390
13391
13393
13395
13397
13399
13401
13403
13405
13407
13408
13411
13413
13415
13419
13420
13423
13424
13425
13429
13435
13437
13443
13444
13446
13447
13450
13455
13456
13457
13460
13464
13466
13468
13469
13472
13475
13476
13479
13481
13487
13489
13493
13494
13495
13500
13501
13502
13503
13506
13509
13510
13511
13512
13513
13515
13517
13518
13519
13528
13533
13534
13536
13537
13538
13540
13542
13546
13548
13549
13550
13556
13561
13580
13581
13582
13583
13587
13588
13589
13590
13595
13596
13600
13602
13603
13607
13609
13610
13611
13614
13616
13618
13619
13620
13625
13627
13630
13633
13636
13641
13642
13643
13650
13653
13654
13655
13659
13661
13663
13664
13665
13667
13668
13669
13671
13676
13677
13679
13681
13682
13683
13684
13687
13688
13689
13690
13691
13692
13694
13695
13697
13698
13699
13701
13705
13707
13708
13712
13713
13715
13720
13721
13722
13723
13724
13728
13734
13735
13736
13738
13741
13742
13745
13747
13749
13751
13753
13755
13760
13763
13765
13766
13769
13772
13775
13778
13781
13783
13784
13787
13791
13792
13794
13796
13797
13803
13804
13805
13809
13810
13817
13826
13827
13829
13831
13833
13834
13835
13837
13841
13842
13846
13850
13853
13855
13862
13864
13865
13866
13867
13868
13872
13876
13878
13879
13883
13884
13887
13893
13898
13902
13904
13905
13906
13908
13910
13915
13916
13917
13918
13920
13921
13940
13941
13942
13943
13944
13945
13947
13948
13949
13950
13951
13952
13953
13954
13955
13960
13964
13965
13966
13969
13970
13971
13981
13985
13986
13987
13991
13995
13999
14000
14008
14009
14010
14015
14016
14018
14020
14022
14027
14029
14031
14032
14038
14039
14040
14041
14042
14043
14044
14045
14046
14047
14048
14049
14052
14054
14055
14056
14057
14058
14059
14063
14064
14065
14066
14067
14068
14069
14070
14071
14072
14073
14075
14077
14078
14079
14082
14085
14086
14087
14088
14091
14092
14094
14098
14099
14100
14101
14102
14105
14107
14108
14110
14112
14113
14117
14118
14121
14123
14124
14126
14128
14130
14131
14132
14135
14136
14138
14143
14144
14145
14146
14147
14149
14151
14153
14155
14156
14157
14162
14169
14173
14184
14185
14188
14191
14192
14193
14194
14195
14199
14204
14205
14208
14211
14214
14215
14216
14217
14221
14222
14226
14227
14228
14230
14231
14235
14237
14238
14239
14243
14244
14246
14247
14252
14253
14258
14261
14263
14264
14267
14268
14269
14270
14271
14275
14276
14279
14280
14281
14282
14284
14287
14288
14289
14292
14298
14299
14300
14311
14313
14317
14318
14319
14322
14323
14325
14327
14329
14330
14331
14332
14333
14334
14336
14338
14340
14341
14342
14343
14345
14347
14348
14349
14350
14356
14357
14358
14359
14360
14362
14363
14364
14367
14368
14369
14371
14374
14376
14377
14378
14379
14380
14381
14382
14386
14400
14409
14417
14418
14427
14430
14431
14435
14444
14446
14448
14453
14460
14461
14466
14470
14471
14472
14475
14476
14479
14486
14488
14490
14491
14492
14493
14494
14497
14498
14508
14509
14510
14511
14525
14526
14529
14532
14534
14536
14537
14540
14542
14543
14552
14555
14558
14561
14563
14565
14566
14567
14570
14573
14575
14576
14577
14579
14587
14588
14592
14594
14600
14601
14602
14605
14606
14609
14610
14614
14618
14619
14622
14626
14631
14634
14635
14637
14639
14640
14642
14645
14648
14654
14655
14656
14657
14658
14660
14662
14664
14665
14667
14670
14673
14683
14684
14690
14692
14696
14697
14704
14705
14708
14711
14712
14713
14719
14720
14722
14724
14725
14728
14733
14738
14741
14749
14752
14761
14771
14777
14779
14782
14784
14787
14788
14789
14791
14792
14796
14804
14809
14811
14813
14814
14819
14820
14824
14825
14830
14839
14848
14851
14852
14855
14856
14858
14861
14862
14869
14870
14871
14872
14876
14878
14880
14881
14882
14885
14887
14891
14895
14896
14897
14899
14903
14905
14906
14909
14912
14914
14916
14919
14921
14924
14925
14926
14930
14932
14933
14934
14937
14939
14940
14941
14946
14947
14953
14956
14957
14960
14961
14962
14963
14966
14967
14969
14972
14973
14975
14977
14984
14987
14991
14992
14993
14995
14997
15002
15008
15009
15013
15014
15017
15021
15024
15025
15028
15029
15030
15032
15033
15035
15041
15042
15043
15051
15053
15054
15057
15060
15062
15065
15067
15071
15072
15073
15074
15076
15083
15085
15086
15100
15104
15108
15114
15121
15123
15129
15130
15133
15137
15139
15141
15142
15144
15149
15154
15155
15156
15159
15161
15163
15166
15169
15176
15177
15178
15183
15185
15186
15187
15188
15194
15201
15202
15204
15209
15213
15214
15215
15217
15224
15225
15228
15229
15230
15232
15235
15237
15238
15240
15241
15247
15248
15251
15253
15256
15257
15264
15266
15272
15273
15276
15280
15283
15286
15294
15307
15311
15314
15317
15318
15322
15324
15326
15331
15336
15337
15338
15339
15343
15346
15351
15354
15365
15367
15373
15375
15376
15378
15385
15402
15406
15408
15410
15413
15420
15431
15432
15433
15435
15438
15441
15442
15444
15446
15447
15455
15462
15463
15464
15465
15468
15470
15472
15476
15479
15483
15485
15486
15492
15496
15499
15501
15512
15516
15527
15529
15530
15531
15532
15535
15536
15538
15545
15547
15551
15553
15554
15555
15557
15558
15562
15564
15565
15567
15568
15577
15585
15589
15590
15591
15596
15599
15600
15603
15604
15607
15611
15613
15618
15621
15622
15623
15626
15638
15639
15643
15644
15647
15649
15657
15669
15670
15678
15679
15680
15683
15685
15689
15690
15698
15700
15702
15710
15714
15718
15719
15720
15722
15725
15733
15734
15738
15740
15741
15742
15743
15744
15745
15746
15750
15752
15753
15755
15759
15761
15767
15770
15774
15777
15778
15780
15785
15788
15789
15790
15792
15795
15796
15798
15806
15807
15809
15810
15811
15813
15816
15818
15819
15821
15828
15829
15832
15833
15834
15835
15836
15837
15839
15840
15841
15843
15846
15848
15849
15854
15857
15858
15861
15865
15866
15870
15872
15873
15875
15876
15878
15886
15888
15889
15890
15891
15892
15894
15898
15899
15902
15904
15905
15908
15911
15912
15913
15914
15915
15918
15919
15921
15925
15928
15929
15930
15931
15933
15934
15935
15936
15938
15943
15948
15951
15952
15954
15957
15980
15982
15984
15985
15986
15987
15989
15990
15991
15992
15994
15995
15996
15997
15999
16000
16003
16004
16006
16010
16011
16012
16014
16015
16016
16017
16018
16022
16023
16024
16025
16027
16031
16032
16042
16045
16048
16049
16050
16053
16059
16062
16063
16064
16066
16067
16068
16069
16072
16077
16078
16079
16080
16082
16083
16087
16088
16090
16092
16095
16097
16098
16100
16103
16105
16107
16108
16109
16110
16111
16120
16123
16124
16128
16129
16130
16131
16132
16137
16139
16141
16142
16144
16146
16150
16152
16153
16155
16156
16158
16160
16163
16167
16169
16172
16173
16174
16176
16179
16183
16185
16188
16189
16193
16198
16201
16202
16203
16204
16209
16210
16215
16218
16222
16224
16226
16228
16230
16234
16235
16238
16239
16240
16241
16242
16243
16244
16250
16251
16252
16253
16260
16262
16264
16266
16267
16270
16272
16275
16277
16278
16280
16283
16284
16285
16286
16287
16291
16296
16299
16303
16304
16305
16308
16310
16312
16315
16320
16321
16322
16323
16327
16329
16333
16336
16337
16340
16341
16342
16344
16345
16347
16349
16351
16352
16353
16354
16361
16362
16363
16364
16368
16369
16373
16374
16375
16378
16380
16400
16406
16408
16409
16411
16415
16417
16421
16422
16425
16426
16428
16429
16430
16431
16432
16433
16434
16435
16436
16437
16438
16439
16440
16444
16448
16449
16450
16455
16457
16459
16462
16464
16465
16467
16468
16469
16470
16471
16472
16473
16474
16475
16476
16477
16478
16480
16481
16486
16488
16495
16496
16498
16501
16502
16504
16506
16507
16510
16511
16514
16515
16517
16523
16524
16525
16527
16529
16530
16531
16534
16535
16537
16539
16541
16542
16543
16547
16548
16550
16552
16553
16554
16555
16559
16560
16561
16563
16565
16567
16570
16571
16573
16575
16576
16579
16581
16583
16584
16585
16586
16587
16590
16591
16595
16596
16597
16598
16599
16600
16601
16602
16603
16604
16606
16607
16608
16610
16612
16616
16617
16620
16623
16624
16625
16626
16627
16630
16631
16632
16634
16635
16637
16640
16642
16643
16645
16647
16648
16652
16653
16654
16655
16657
16659
16661
16666
16668
16671
16673
16676
16682
16683
16691
16695
16697
16698
16700
16702
16704
16705
16706
16707
16709
16711
16716
16720
16721
16723
16729
16730
16734
16735
16736
16738
16740
16741
16742
16743
16744
16746
16747
16748
16750
16753
16757
16758
16761
16765
