2
8
11
15
17
25
27
28
34
38
40
45
57
60
61
62
63
65
68
69
71
72
74
80
81
82
83
84
97
98
102
103
104
105
108
111
113
114
115
117
119
120
121
123
125
126
127
129
130
131
132
135
137
142
144
145
146
147
148
149
151
161
167
169
172
174
175
178
179
180
182
183
184
187
195
197
199
201
210
211
214
220
222
225
226
228
230
231
234
235
236
237
238
239
240
242
245
246
247
250
253
255
257
258
266
269
270
271
272
273
274
275
277
279
281
283
286
287
288
293
294
295
296
297
298
300
301
302
304
305
306
307
308
310
311
315
316
317
318
320
321
322
323
324
327
333
335
360
361
362
365
371
375
377
404
414
432
437
440
444
460
465
467
469
476
478
480
482
484
487
489
491
492
499
502
503
504
508
514
522
523
525
526
528
530
532
535
536
539
543
549
554
556
557
558
559
560
564
574
578
580
581
584
597
599
605
609
611
612
614
620
623
624
629
631
633
634
635
647
650
652
655
657
659
661
662
663
666
675
676
683
684
686
687
689
690
697
716
727
731
735
737
743
752
756
760
762
767
770
772
775
777
781
782
793
795
796
797
798
804
805
806
810
811
813
819
820
825
828
829
831
835
844
847
848
851
860
862
870
871
886
887
889
892
900
906
911
912
916
919
922
929
932
934
935
936
945
946
949
958
959
960
963
972
974
975
978
981
985
992
997
1001
1004
1006
1008
1012
1014
1018
1019
1020
1022
1025
1029
1030
1037
1039
1040
1041
1048
1056
1057
1059
1064
1067
1068
1081
1088
1090
1093
1101
1103
1104
1110
1112
1140
1142
1146
1150
1156
1185
1196
1218
1219
1220
1234
1237
1239
1241
1242
1243
1245
1246
1249
1250
1253
1256
1260
1263
1273
1274
1278
1279
1280
1287
1288
1290
1292
1293
1301
1305
1307
1312
1315
1316
1320
1323
1325
1327
1330
1332
1340
1342
1344
1349
1355
1358
1360
1361
1362
1364
1367
1369
1378
1390
1395
1399
1400
1407
1410
1412
1413
1418
1420
1421
1422
1423
1424
1425
1428
1434
1444
1448
1450
1451
1456
1460
1472
1474
1481
1485
1487
1496
1498
1500
1501
1503
1505
1510
1515
1517
1522
1533
1534
1536
1540
1544
1547
1549
1555
1559
1560
1562
1566
1567
1570
1575
1581
1582
1584
1585
1587
1588
1589
1591
1592
1595
1596
1601
1603
1605
1606
1607
1608
1612
1613
1615
1619
1620
1621
1622
1626
1627
1630
1631
1634
1635
1637
1638
1639
1643
1644
1648
1649
1650
1652
1657
1660
1661
1662
1663
1665
1667
1668
1669
1670
1678
1679
1680
1685
1686
1692
1694
1696
1699
1703
1704
1705
1711
1713
1714
1717
1720
1722
1724
1725
1727
1728
1734
1737
1739
1746
1748
1749
1753
1755
1760
1762
1763
1768
1772
1776
1777
1778
1780
1781
1782
1794
1796
1829
1839
1863
1877
1878
1904
1907
1925
1931
1938
1941
1944
1945
1948
1952
1956
1971
1973
1974
1975
1978
1981
1982
2011
2029
2037
2040
2044
2057
2061
2063
2069
2073
2079
2086
2088
2097
2100
2101
2103
2105
2112
2123
2153
2154
2155
2158
2161
2162
2176
2179
2187
2192
2193
2202
2210
2211
2212
2214
2218
2219
2220
2221
2224
2225
2228
2232
2236
2238
2240
2241
2243
2244
2246
2248
2249
2258
2265
2266
2268
2272
2281
2283
2287
2290
2293
2307
2321
2323
2330
2338
2343
2349
2354
2358
2359
2361
2362
2364
2368
2369
2370
2373
2374
2376
2381
2386
2399
2400
2426
2430
2433
2434
2437
2438
2445
2448
2453
2454
2455
2457
2460
2461
2462
2467
2470
2475
2477
2479
2480
2481
2483
2486
2487
2493
2495
2496
2499
2503
2504
2516
2526
2531
2532
2535
2538
2540
2547
2549
2553
2559
2566
2570
2571
2573
2578
2581
2585
2586
2591
2592
2595
2601
2609
2610
2613
2614
2615
2618
2619
2625
2626
2635
2638
2641
2643
2650
2653
2654
2655
2658
2659
2662
2663
2665
2676
2679
2680
2685
2686
2696
2698
2700
2703
2707
2720
2722
2732
2734
2735
2739
2741
2753
2754
2755
2756
2760
2776
2789
2799
2801
2803
2805
2808
2809
2814
2815
2817
2824
2830
2831
2832
2843
2844
2849
2850
2853
2854
2859
2869
2870
2871
2874
2880
2883
2887
2894
2895
2907
2911
2912
2913
2914
2916
2920
2926
2927
2928
2929
2930
2931
2934
2935
2940
2945
2946
2948
2950
2951
2955
2956
2962
2969
2970
2973
2976
2977
2978
2980
2982
2985
2986
2989
2991
2992
2993
2996
2997
2998
2999
3002
3003
3004
3009
3010
3015
3016
3019
3023
3025
3032
3035
3037
3045
3046
3049
3051
3053
3055
3061
3062
3068
3070
3071
3072
3073
3076
3080
3083
3085
3087
3090
3092
3100
3101
3104
3106
3107
3111
3114
3121
3123
3126
3128
3129
3134
3138
3141
3144
3146
3149
3150
3153
3156
3162
3185
3189
3191
3193
3199
3205
3218
3224
3228
3240
3241
3244
3248
3249
3253
3263
3275
3278
3293
3295
3297
3301
3304
3305
3306
3307
3314
3315
3321
3331
3332
3335
3345
3346
3349
3365
3366
3369
3379
3383
3384
3399
3401
3408
3413
3414
3418
3419
3422
3425
3426
3427
3436
3457
3469
3470
3482
3489
3493
3495
3497
3499
3501
3504
3508
3509
3519
3527
3529
3544
3554
3561
3562
3570
3574
3582
3601
3609
3646
3647
3652
3661
3663
3666
3668
3670
3676
3682
3687
3698
3709
3710
3714
3718
3725
3741
3751
3752
3763
3770
3775
3780
3782
3783
3789
3790
3791
3792
3798
3799
3804
3806
3807
3813
3816
3823
3830
3831
3833
3839
3854
3857
3859
3861
3864
3865
3869
3877
3885
3888
3893
3895
3896
3897
3903
3907
3913
3915
3928
3939
3947
3955
3958
3969
3971
3977
3983
3984
3985
3989
3995
3998
4002
4005
4010
4011
4017
4032
4035
4055
4076
4092
4095
4115
4117
4118
4119
4122
4125
4126
4127
4133
4134
4135
4137
4141
4143
4145
4148
4152
4153
4163
4170
4172
4173
4176
4179
4183
4186
4194
4202
4204
4222
4231
4232
4235
4236
4242
4254
4258
4262
4268
4270
4276
4283
4305
4307
4309
4312
4313
4314
4315
4319
4320
4321
4324
4331
4334
4339
4344
4346
4349
4355
4357
4359
4364
4371
4372
4373
4385
4387
4396
4402
4404
4407
4427
4435
4447
4449
4450
4452
4454
4462
4463
4470
4474
4476
4490
4491
4493
4511
4518
4519
4523
4525
4533
4536
4543
4550
4555
4560
4569
4581
4584
4590
4595
4599
4608
4612
4613
4620
4625
4628
4630
4639
4693
4704
4706
4718
4746
4782
4790
4797
4800
4804
4806
4811
4829
4845
4849
4863
4864
4866
4871
4875
4880
4895
4923
4926
4930
4931
4943
4955
4957
4965
4968
4970
4973
4974
4980
4992
4993
4996
5008
5010
5014
5018
5025
5026
5039
5044
5048
5068
5085
5089
5090
5091
5094
5097
5100
5107
5125
5132
5141
5143
5144
5146
5149
5151
5161
5164
5166
5172
5173
5174
5175
5176
5178
5180
5182
5189
5191
5192
5194
5195
5196
5203
5208
5210
5215
5216
5217
5219
5221
5222
5224
5226
5227
5231
5234
5237
5238
5239
5248
5257
5272
5280
5281
5295
5296
5298
5301
5303
5304
5305
5306
5307
5308
5315
5318
5320
5323
5328
5330
5332
5334
5335
5344
5350
5351
5354
5355
5359
5364
5369
5372
5375
5376
5377
5380
5389
5393
5396
5399
5400
5403
5405
5408
5410
5414
5416
5417
5419
5420
5423
5431
5433
5434
5435
5442
5445
5447
5455
5461
5466
5469
5471
5473
5474
5475
5476
5477
5478
5479
5481
5484
5487
5489
5490
5493
5494
5500
5505
5506
5508
5511
5512
5514
5516
5517
5520
5521
5523
5524
5538
5539
5540
5541
5543
5545
5548
5550
5551
5555
5557
5559
5570
5572
5573
5575
5585
5597
5601
5602
5607
5619
5623
5629
5631
5632
5633
5634
5645
5650
5652
5658
5663
5673
5682
5685
5693
5696
5698
5699
5704
5707
5710
5716
5717
5723
5725
5728
5731
5733
5740
5742
5743
5744
5745
5754
5755
5757
5778
5781
5787
5788
5802
5819
5829
5834
5835
5861
5862
5863
5867
5884
5887
5890
5893
5897
5899
5904
5917
5939
5943
5945
5948
5951
5955
5958
5971
5972
5973
5974
5975
5976
5978
5983
5986
5988
5990
5991
5994
6018
6026
6029
6032
6035
6040
6046
6050
6076
6101
6118
6131
6132
6152
6166
6169
6177
6186
6187
6188
6192
6199
6200
6203
6206
6221
6237
6241
6247
6250
6255
6259
6261
6263
6266
6269
6273
6278
6287
6294
6299
6305
6307
6309
6314
6315
6322
6323
6324
6329
6334
6339
6341
6354
6356
6358
6367
6370
6372
6377
6383
6387
6388
6391
6392
6393
6394
6395
6398
6400
6401
6402
6403
6407
6409
6410
6412
6413
6418
6419
6420
6421
6423
6424
6426
6429
6431
6432
6433
6435
6440
6446
6449
6457
6464
6477
6479
6481
6489
6512
6514
6515
6517
6520
6522
6531
6538
6540
6542
6543
6545
6546
6547
6549
6551
6552
6555
6561
6568
6570
6573
6576
6580
6582
6598
6599
6600
6606
6612
6615
6616
6617
6619
6625
6634
6646
6654
6655
6657
6661
6664
6666
6668
6672
6673
6675
6677
6680
6681
6685
6686
6687
6690
6693
6694
6695
6696
6697
6703
6710
6712
6716
6720
6731
6732
6736
6737
6738
6742
6760
6765
6774
6776
6777
6779
6784
6785
6786
6788
6790
6804
6807
6808
6809
6810
6811
6812
6817
6819
6820
6822
6823
6827
6829
6830
6831
6833
6836
6837
6838
6839
6844
6847
6848
6855
6857
6859
6868
6870
6873
6879
6882
6885
6889
6890
6891
6892
6893
6896
6898
6901
6902
6906
6913
6914
6918
6925
6926
6930
6932
6936
6937
6940
6942
6948
6951
6953
6954
6955
6956
6960
6964
6965
6966
6969
6978
6979
6981
6983
6985
6987
6997
7001
7002
7007
7016
7018
7024
7030
7037
7047
7049
7055
7063
7075
7076
7078
7085
7087
7089
7091
7092
7099
7100
7103
7104
7105
7106
7107
7110
7114
7115
7123
7124
7127
7128
7129
7133
7136
7138
7139
7140
7142
7143
7144
7145
7148
7156
7159
7161
7163
7166
7167
7174
7180
7185
7187
7191
7192
7193
7202
7204
7211
7215
7219
7220
7226
7228
7229
7231
7232
7241
7244
7250
7254
7255
7256
7269
7305
7307
7313
7322
7325
7326
7327
7329
7330
7332
7333
7334
7335
7336
7337
7339
7344
7355
7357
7360
7361
7362
7363
7364
7365
7371
7372
7376
7377
7380
7381
7382
7383
7384
7385
7386
7390
7391
7393
7394
7397
7398
7400
7401
7402
7405
7406
7407
7408
7409
7410
7412
7414
7415
7418
7420
7422
7424
7429
7430
7431
7432
7433
7434
7437
7442
7443
7444
7446
7448
7449
7452
7454
7455
7456
7459
7460
7463
7469
7475
7476
7477
7478
7479
7480
7482
7483
7486
7488
7490
7493
7496
7497
7498
7499
7501
7504
7506
7507
7510
7511
7514
7515
7516
7520
7522
7526
7528
7529
7530
7531
7532
7535
7536
7542
7543
7544
7545
7547
7548
7549
7553
7555
7557
7559
7560
7562
7563
7564
7565
7570
7571
7575
7576
7577
7579
7581
7583
7586
7590
7591
7592
7593
7594
7595
7596
7598
7599
7600
7601
7604
7606
7607
7608
7609
7610
7611
7613
7614
7615
7616
7620
7624
7626
7628
7636
7639
7640
7642
7643
7647
7648
7653
7657
7658
7663
7664
7665
7668
7670
7671
7680
7687
7690
7698
7700
7702
7723
7726
7731
7733
7735
7736
7738
7740
7744
7760
7761
7762
7764
7767
7769
7772
7773
7776
7777
7778
7781
7787
7790
7791
7793
7795
7797
7798
7799
7800
7804
7805
7806
7807
7811
7813
7815
7818
7819
7822
7823
7824
7825
7827
7831
7833
7834
7835
7836
7838
7839
7841
7842
7847
7851
7852
7853
7854
7856
7858
7859
7860
7861
7863
7868
7869
7871
7875
7876
7877
7880
7884
7885
7888
7890
7894
7898
7902
7903
7904
7907
7908
7910
7911
7912
7913
7914
7915
7916
7919
7922
7923
7926
7927
7928
7929
7930
7931
7935
7936
7938
7941
7947
7948
7950
7951
7952
7955
7956
7957
7959
7960
7962
7964
7967
7970
7973
7975
7976
7978
7979
7980
7982
7984
7986
7987
7988
7993
7996
8000
8002
8003
8005
8007
8009
8010
8011
8013
8016
8017
8019
8040
8045
8053
8057
8059
8060
8062
8066
8074
8078
8081
8082
8085
8088
8089
8090
8092
8093
8097
8098
8112
8120
8152
8174
8192
8207
8211
8212
8215
8221
8223
8228
8239
8263
8273
8274
8275
8286
8289
8292
8315
8316
8321
8322
8337
8342
8348
8351
8355
8367
8368
8377
8401
8403
8414
8420
8436
8441
8446
8454
8455
8462
8490
8491
8493
8505
8510
8520
8522
8528
8542
8547
8549
8553
8554
8555
8567
8576
8579
8593
8594
8599
8602
8611
8613
8616
8617
8619
8629
8635
8638
8650
8654
8655
8660
8664
8665
8667
8669
8672
8676
8678
8679
8683
8687
8689
8694
8696
8697
8699
8703
8708
8709
8715
8717
8718
8721
8722
8724
8731
8737
8741
8744
8751
8754
8757
8764
8772
8773
8782
8783
8785
8786
8787
8792
8803
8808
8819
8841
8843
8845
8849
8850
8852
8855
8856
8859
8860
8861
8863
8865
8867
8869
8870
8871
8872
8874
8875
8876
8877
8878
8879
8880
8881
8882
8884
8885
8886
8887
8889
8892
8893
8894
8895
8896
8897
8898
8901
8902
8905
8908
8909
8914
8920
8921
8923
8924
8929
8930
8931
8933
8934
8938
8939
8941
8943
8946
8947
8960
8962
8963
8964
8966
8973
8974
8975
8977
8980
8983
8984
8986
8989
8990
8998
9000
9001
9002
9006
9007
9012
9016
9017
9018
9019
9021
9022
9026
9028
9029
9033
9034
9036
9051
9052
9053
9057
9058
9072
9074
9079
9087
9098
9101
9103
9106
9107
9108
9115
9116
9125
9131
9134
9135
9144
9147
9152
9160
9206
9210
9216
9217
9223
9224
9233
9235
9236
9246
9248
9261
9264
9271
9278
9284
9287
9288
9293
9298
9301
9306
9312
9314
9320
9325
9337
9339
9348
9350
9355
9361
9362
9372
9379
9384
9387
9388
9393
9397
9399
9406
9410
9418
9421
9424
9431
9434
9437
9438
9439
9463
9465
9475
9478
9487
9489
9508
9515
9543
9545
9553
9555
9560
9561
9565
9577
9578
9585
9597
9600
9601
9603
9605
9606
9607
9608
9609
9615
9619
9622
9623
9631
9633
9635
9637
9639
9640
9645
9654
9658
9660
9667
9668
9671
9674
9680
9681
9684
9687
9693
9707
9709
9714
9719
9732
9735
9742
9745
9752
9791
9797
9801
9862
9864
9869
9870
9873
9876
9886
9887
9902
9913
9915
9924
9925
9926
9930
9931
9935
9936
9939
9940
9945
9947
9948
9955
9956
9958
9959
9963
9967
9974
9977
9978
9979
9981
9983
9989
9994
9995
10005
10008
10011
10023
10024
10030
10037
10039
10040
10041
10046
10049
10051
10052
10058
10060
10064
10065
10069
10072
10074
10075
10076
10078
10085
10086
10087
10094
10098
10100
10104
10108
10119
10132
10136
10140
10141
10142
10143
10145
10149
10150
10151
10154
10155
10159
10162
10164
10167
10171
10172
10173
10186
10188
10192
10196
10197
10200
10207
10221
10236
10247
10259
10267
10272
10275
10276
10280
10284
10291
10297
10303
10313
10318
10323
10333
10348
10354
10366
10370
10379
10387
10391
10393
10394
10407
10408
10417
10425
10432
10436
10437
10455
10466
10467
10471
10472
10473
10481
10485
10488
10492
10493
10499
10517
10530
10532
10539
10541
10542
10543
10545
10546
10547
10549
10563
10569
10572
10575
10624
10626
10628
10638
10639
10640
10643
10644
10652
10653
10655
10666
10667
10671
10674
10676
10680
10681
10684
10694
10700
10701
10717
10726
10729
10734
10743
10745
10750
10751
10752
10754
10755
10759
10763
10768
10769
10773
10776
10785
10791
10804
10809
10814
10825
10833
10836
10837
10838
10839
10843
10853
10856
10857
10858
10864
10882
10885
10892
10893
10896
10900
10902
10906
10918
10920
10921
10932
10934
10947
10952
10953
10956
10958
10959
10960
10970
10979
10981
10991
10994
10997
11001
11005
11012
11016
11020
11021
11025
11028
11030
11040
11045
11046
11051
11052
11053
11054
11055
11057
11061
11067
11069
11073
11076
11081
11082
11087
11088
11090
11093
11094
11099
11100
11103
11104
11107
11109
11113
11115
11117
11118
11121
11132
11136
11138
11146
11148
11150
11152
11156
11158
11162
11166
11170
11171
11176
11180
11181
11183
11184
11188
11189
11199
11200
11201
11211
11214
11215
11218
11219
11224
11225
11228
11230
11240
11241
11242
11243
11250
11251
11256
11267
11268
11271
11277
11280
11283
11285
11288
11290
11296
11299
11323
11324
11325
11327
11331
11336
11339
11362
11363
11366
11385
11389
11390
11392
11393
11395
11397
11399
11400
11401
11402
11403
11404
11405
11408
11411
11417
11423
11427
11429
11433
11434
11441
11443
11444
11447
11449
11452
11453
11459
11460
11462
11463
11464
11468
11470
11473
11480
11482
11483
11485
11519
11539
11552
11553
11557
11578
11618
11629
11650
11655
11658
11664
11665
11666
11683
11690
11704
11717
11723
11725
11726
11728
11730
11733
11735
11738
11742
11749
11753
11754
11758
11763
11765
11766
11768
11771
11773
11774
11777
11778
11779
11780
11781
11783
11784
11785
11786
11795
11796
11800
11802
11809
11811
11816
11817
11818
11820
11823
11824
11828
11832
11834
11835
11836
11838
11839
11840
11842
11847
11850
11851
11852
11857
11859
11866
11867
11869
11873
11876
11878
11882
11888
11894
11898
11902
11904
11909
11914
11925
11926
11928
11933
11934
11937
11940
11943
11945
11949
11952
11953
11958
11962
11964
11965
11967
11969
11972
11973
11975
11978
11981
11982
11983
11985
11988
11990
11991
11993
11995
11997
12000
12004
12007
12010
12011
12015
12020
12022
12025
12027
12028
12030
12033
12034
12035
12036
12046
12047
12048
12053
12058
12063
12083
12096
12100
12104
12119
12126
12153
12159
12175
12193
12204
12220
12227
12242
12272
12279
12312
12323
12326
12327
12334
12344
12346
12349
12350
12358
12364
12373
12375
12376
12384
12392
12394
12399
12400
12409
12421
12423
12426
12437
12438
12442
12444
12468
12474
12475
12477
12478
12479
12482
12483
12485
12486
12489
12490
12491
12499
12509
12514
12515
12518
12519
12522
12526
12527
12533
12535
12536
12537
12538
12539
12540
12543
12545
12547
12548
12552
12558
12559
12560
12567
12571
12578
12583
12592
12597
12599
12602
12603
12604
12605
12607
12614
12615
12619
12625
12628
12630
12632
12634
12638
12639
12640
12641
12642
12643
12645
12648
12650
12651
12652
12653
12654
12661
12664
12665
12669
12670
12672
12674
12679
12683
12684
12686
12687
12689
12690
12695
12698
12708
12709
12711
12712
12713
12715
12719
12720
12722
12723
12726
12732
12735
12737
12738
12740
12741
12747
12749
12750
12752
12754
12755
12757
12758
12759
12761
12765
12767
12776
12782
12783
12784
12786
12787
12797
12798
12803
12804
12810
12811
12813
12814
12821
12822
12827
12831
12834
12836
12838
12847
12865
12875
12881
12888
12905
12920
12921
12927
12929
12932
12933
12938
12945
12946
12948
12950
12951
12959
12968
12970
12971
12982
12983
12984
12985
12987
12989
12990
12994
12995
12997
13001
13002
13003
13004
13005
13008
13009
13010
13019
13022
13025
13026
13028
13029
13030
13031
13034
13036
13044
13045
13046
13047
13050
13053
13055
13056
13059
13063
13064
13065
13067
13070
13072
13079
13082
13083
13084
13092
13093
13096
13097
13099
13101
13104
13109
13113
13114
13117
13119
13125
13127
13131
13132
13133
13134
13140
13141
13145
13147
13149
13151
13156
13157
13158
13160
13166
13168
13169
13178
13192
13193
13200
13201
13202
13207
13208
13221
13226
13230
13231
13233
13235
13237
13269
13271
13272
13273
13275
13279
13286
13293
13295
13300
13305
13306
13309
13315
13316
13331
13332
13336
13346
13351
13357
13358
13361
13364
13374
13377
13383
13384
13389
13391
13395
13399
13401
13403
13405
13407
13408
13411
13415
13419
13420
13423
13425
13429
13435
13437
13443
13444
13446
13450
13455
13456
13457
13460
13464
13466
13468
13479
13487
13489
13493
13495
13500
13501
13503
13506
13509
13510
13511
13512
13515
13517
13519
13528
13533
13534
13537
13538
13542
13546
13548
13581
13582
13583
13587
13589
13590
13595
13596
13600
13602
13603
13607
13609
13610
13611
13614
13618
13619
13620
13625
13627
13630
13636
13641
13643
13650
13653
13654
13655
13663
13664
13668
13669
13671
13677
13679
13681
13682
13683
13688
13689
13690
13691
13692
13694
13695
13697
13698
13699
13701
13705
13707
13708
13713
13721
13722
13723
13724
13728
13734
13735
13736
13738
13741
13749
13751
13753
13755
13763
13765
13769
13775
13781
13783
13784
13791
13792
13794
13796
13804
13805
13817
13827
13829
13831
13834
13835
13837
13841
13864
13865
13866
13867
13876
13878
13883
13884
13887
13902
13904
13906
13908
13915
13917
13918
13965
13971
13981
13985
13995
14000
14008
14009
14015
14018
14020
14022
14027
14032
14038
14039
14043
14044
14047
14052
14056
14063
14065
14066
14067
14069
14072
14073
14077
14078
14079
14082
14086
14088
14091
14092
14094
14098
14099
14100
14102
14105
14110
14113
14117
14118
14123
14124
14126
14130
14131
14132
14135
14136
14143
14144
14146
14149
14151
14153
14162
14173
14184
14188
14191
14192
14194
14195
14204
14208
14211
14215
14216
14217
14226
14228
14231
14235
14237
14238
14239
14243
14244
14247
14253
14258
14261
14263
14267
14270
14275
14276
14279
14280
14281
14282
14287
14288
14289
14292
14299
14300
14311
14313
14318
14319
14323
14327
14329
14331
14333
14334
14336
14338
14342
14343
14347
14349
14350
14356
14357
14358
14359
14360
14362
14364
14367
14371
14374
14376
14377
14378
14379
14380
14381
14386
14400
14417
14427
14430
14435
14444
14446
14448
14453
14460
14461
14466
14470
14471
14472
14476
14479
14488
14491
14492
14493
14494
14497
14498
14509
14510
14511
14525
14526
14529
14534
14536
14537
14540
14542
14543
14552
14555
14558
14561
14563
14565
14567
14576
14577
14579
14587
14592
14594
14600
14601
14602
14606
14609
14610
14614
14618
14619
14622
14626
14631
14635
14637
14642
14645
14656
14667
14670
14673
14683
14684
14690
14692
14696
14697
14704
14705
14708
14711
14712
14713
14719
14720
14722
14728
14733
14741
14749
14752
14761
14777
14784
14787
14789
14791
14804
14811
14813
14819
14820
14824
14825
14830
14848
14851
14858
14861
14862
14869
14870
14876
14878
14880
14881
14882
14885
14895
14896
14899
14905
14906
14909
14912
14914
14916
14919
14921
14924
14926
14933
14937
14939
14941
14946
14947
14957
14960
14961
14963
14967
14972
14973
14975
14987
14991
14992
14993
14995
15002
15009
15013
15017
15024
15025
15028
15029
15032
15033
15035
15041
15051
15053
15054
15057
15062
15065
15067
15071
15073
15074
15076
15083
15086
15100
15104
15108
15114
15123
15129
15130
15139
15141
15142
15144
15154
15155
15156
15159
15161
15163
15166
15169
15176
15177
15178
15183
15185
15186
15187
15188
15194
15202
15204
15209
15213
15214
15215
15217
15224
15225
15228
15229
15230
15232
15235
15238
15240
15241
15247
15248
15251
15253
15256
15257
15264
15266
15272
15273
15276
15280
15283
15286
15294
15307
15311
15317
15322
15324
15326
15331
15337
15343
15346
15351
15354
15365
15367
15375
15376
15378
15408
15431
15433
15435
15438
15441
15444
15446
15447
15455
15462
15464
15465
15468
15470
15472
15483
15485
15486
15492
15496
15501
15512
15516
15527
15529
15530
15532
15535
15536
15538
15545
15547
15553
15554
15555
15558
15562
15564
15565
15567
15568
15577
15585
15589
15590
15591
15596
15599
15600
15603
15604
15607
15611
15613
15618
15621
15623
15626
15638
15639
15643
15644
15647
15649
15657
15669
15670
15678
15679
15683
15689
15690
15702
15718
15719
15720
15733
15734
15738
15741
15742
15743
15744
15745
15759
15777
15778
15780
15785
15788
15789
15792
15795
15796
15798
15806
15809
15816
15818
15832
15834
15835
15837
15839
15841
15843
15854
15857
15858
15866
15872
15873
15876
15888
15889
15890
15891
15892
15898
15899
15904
15908
15911
15912
15913
15914
15915
15918
15919
15928
15930
15934
15935
15936
15943
15951
15952
15954
15980
15982
15985
15986
15987
15989
15995
15996
15997
16000
16003
16006
16010
16011
16012
16014
16015
16016
16017
16018
16022
16023
16024
16025
16027
16032
16042
16045
16049
16050
16053
16059
16063
16064
16067
16068
16069
16072
16077
16078
16079
16080
16087
16088
16090
16092
16095
16097
16098
16100
16105
16107
16109
16110
16111
16123
16124
16128
16130
16131
16132
16137
16139
16141
16142
16144
16150
16152
16153
16155
16156
16160
16163
16167
16169
16172
16176
16179
16183
16185
16188
16193
16198
16201
16202
16203
16209
16210
16215
16218
16222
16224
16226
16228
16234
16235
16238
16239
16241
16243
16250
16251
16252
16253
16260
16262
16264
16270
16278
16283
16284
16286
16287
16291
16296
16299
16303
16304
16308
16310
16312
16315
16320
16322
16327
16329
16333
16337
16340
16341
16344
16345
16349
16351
16352
16361
16362
16364
16368
16369
16373
16374
16375
16378
16380
16400
16406
16408
16409
16411
16415
16417
16422
16425
16426
16428
16429
16431
16432
16433
16434
16436
16437
16438
16440
16448
16450
16455
16457
16459
16462
16464
16465
16467
16469
16470
16471
16472
16475
16476
16478
16480
16481
16486
16488
16495
16496
16498
16501
16502
16504
16506
16510
16514
16525
16529
16530
16531
16541
16543
16547
16548
16550
16552
16553
16554
16555
16559
16560
16561
16563
16567
16570
16573
16575
16576
16581
16584
16585
16586
16591
16595
16596
16597
16600
16603
16604
16607
16616
16620
16625
16626
16627
16630
16632
16634
16635
16637
16642
16645
16647
16652
16653
16657
16661
16666
16668
16671
16682
16691
16695
16698
16700
16704
16709
16716
16720
16730
16736
16738
16740
16742
16743
16746
16758
16761
16765
